77 59861545127   
131 59572980868   
136 59437138543   
177 58913989631   
186 58979835517   
244 58768052408   
323 57311820970   
334 57734782072   
371 57776445703   
459 56866618736   
509 56723009875   
537 56531494197   
597 56223285835
689 55203107473
701 55122704014
798 54777186462
848 54547384762
890 54271895392
960 53415840481
1060 52870997216
1064 52745368905
1070 52506948155
1159 52440235651
1177 52826361174
1215 51786776587
1287 51435845232
1313 51273955360
1354 51019735808
1422 50900833780
1510 50363851068
1577 49558811422
1582 49428714833
1609 49366510689
1625 49270654651
1686 49106843188
1764 48845561215
1841 48294428313
1846 48165287627
1901 47845812585
1963 47588217390
2001 47270353646
2022 47150409778
2031 47099084756
2084 46798005196
2169 46519144898
2196 46268072773
2234 45756272155
2312 45524579654